a <- 10
3.14 -> pi
repeat {
a <- 10
20 -> b
}
